4294967294,426
4294967278,54
4294967279,53
4294967279,481
4294967278,414
4294967278,260
4294967279,489
4294967279,268
4294967279,52
4294967278,266
4294967279,458
4294967279,265
4294967278,280
4294967279,264
4294967279,488
4294967279,282
4294967278,359
4294967278,49
4294967278,47
4294967279,51
4294967279,50
4294967279,48
4294967279,281
4294967278,256
4294967279,396
4294967294,190
4294967294,30
4294967294,163
4294967294,113
4294967294,177
4294967278,330
4294967278,357
4294967278,328
4294967278,327
4294967279,445
4294967278,378
4294967294,590
4294967294,14
4294967294,20
4294967294,13
4294967294,166
4294967294,119
4294967278,253
4294967279,174
4294967279,46
4294967279,40
4294967279,39
4294967279,37
4294967279,35
4294967278,252
4294967278,251
4294967278,250
4294967278,322
4294967279,251
4294967279,246
4294967279,247
4294967278,239
4294967278,235
176,6
176,5
4294967279,238
176,4
4294967278,237
176,3
176,2
176,1
4294967279,459
4294967279,232
4294967278,409
4294967278,225
4294967279,225
4294967278,223
4294967279,223
4294967279,217
4294967278,221
4294967279,221
4294967278,219
4294967294,184
4294967294,169
4294967294,173
4294967294,168
4294967279,25
4294967279,24
4294967278,209
4294967279,213
4294967278,211
4294967279,212
4294967278,210
4294967279,211
4294967278,208
4294967278,207
4294967279,23
4294967279,22
4294967279,20
4294967279,18
4294967279,17
4294967279,13
4294967279,12
4294967279,9
4294967278,202
4294967279,203
4294967278,201
4294967279,202
4294967278,200
4294967278,427
4294967278,198
4294967278,195
4294967279,199
173,6
4294967278,197
173,5
4294967279,198
173,4
4294967278,196
173,3
173,2
173,1
4294967279,197
4294967279,466
4294967278,190
4294967279,191
4294967278,189
4294967279,188
4294967278,186
4294967294,409
4294967294,396
4294967294,187
4294967294,399
4294967294,385
4294967294,398
4294967294,164
4294967294,449
4294967294,191
4294967294,456
4294967294,405
4294967279,186
4294967294,126
4294967294,12
4294967294,104
4294967294,106
4294967294,175
4294967294,183
4294967294,176
4294967294,1247
4294967278,129
4294967278,124
4294967278,121
4294967278,388
4294967278,117
4294967278,109
4294967278,108
4294967278,106
4294967278,312
4294967278,101
4294967278,98
4294967278,355
4294967278,96
4294967278,313
4294967278,93
4294967278,352
4294967278,91
4294967278,82
4294967278,307
4294967278,81
4294967278,349
4294967278,75
4294967278,74
4294967278,64
4294967279,249
4294967279,484
4294967279,482
4294967279,61
4294967279,30
4294967279,7
4294967279,6
4294967279,465
4294967278,373
4294967279,412
4294967278,181
4294967278,180
4294967279,181
4294967278,179
4294967279,180
4294967278,178
4294967279,179
4294967279,483
4294967279,177
4294967279,175
4294967278,411
4294967278,165
4294967279,166
4294967279,165
4294967278,410
4294967279,162
4294967279,301
4294967278,400
4294967278,387
4294967279,159
171,7
4294967278,293
4294967279,406
4294967278,340
4294967278,154
4294967278,153
4294967279,153
4294967294,386
4294967278,152
4294967278,151
4294967279,151
171,6
4294967278,148
171,5
171,4
4294967278,147
171,3
171,2
171,1
4294967278,338
4294967279,147
4294967278,337
4294967279,307
4294967278,404
4294967294,170
4294967294,162
4294967294,1057
4294967294,401
4294967294,185
4294967278,426
4294967278,142
4294967294,120
4294967294,483
4294967278,141
4294967278,398
4294967279,141
4294967278,140
4294967278,138
4294967279,294
4294967279,276
4294967278,277
4294967279,137
4294967278,136
4294967278,134
4294967279,400
4294967279,289
4294967278,133
4294967279,293
4294967279,272
4294967279,399
4294967278,285
4294967278,284
168,7
4294967278,332
4294967279,269
4294967278,331
4294967279,473
4294967294,395
4294967294,453
4294967294,116
4294967294,108
4294967294,465
4294967294,412
4294967278,283
4294967279,461
4294967279,285
168,6
168,5
168,4
168,2
168,1
4294967278,396
4294967279,480
4294967278,425
4294967278,132
4294967279,395
4294967278,386
4294967279,391
4294967279,256
4294967279,390
4294967279,443
4294967278,356
4294967294,392
4294967279,248
4294967278,119
4294967278,246
4294967279,242
4294967279,243
4294967278,116
4294967278,240
4294967278,321
165,7
4294967279,472
4294967278,236
4294967278,231
4294967279,230
4294967294,1086
4294967278,402
4294967278,217
165,6
165,5
165,4
165,3
165,2
165,1
4294967278,424
4294967278,423
4294967279,207
4294967279,209
4294967278,206
4294967279,206
4294967278,204
4294967278,203
4294967294,421
4294967294,178
4294967294,384
4294967294,458
4294967294,451
4294967294,180
4294967294,410
4294967278,199
4294967279,201
162,8
4294967279,196
4294967279,315
4294967278,194
4294967279,195
4294967278,193
4294967279,194
4294967278,422
4294967278,346
4294967278,0
162,7
162,6
162,5
162,4
162,3
162,2
162,1
4294967279,314
4294967279,439
4294967278,306
4294967279,455
4294967278,305
4294967294,1154
4294967294,1066
4294967294,1085
4294967294,1070
4294967279,462
4294967279,311
4294967279,184
4294967279,312
4294967279,178
4294967278,177
4294967279,449
4294967278,370
4294967294,50
4294967279,308
4294967278,300
4294967279,479
4294967278,394
4294967279,173
4294967279,448
4294967278,170
4294967278,254
4294967279,171
4294967278,167
4294967279,168
4294967278,298
4294967279,167
4294967278,164
159,4
4294967278,163
159,3
159,2
159,1
4294967279,164
4294967278,162
0,5
4294967294,1451
4294967294,1450
158,5
4294967279,298
158,4
158,3
158,2
158,1
4294967279,478
4294967278,157
4294967294,1160
4294967278,367
4294967279,300
4294967278,339
4294967278,421
4294967279,152
4294967294,38
4294967294,36
4294967294,39
4294967294,179
4294967294,407
4294967294,167
4294967294,420
4294967294,460
4294967294,118
4294967294,468
4294967278,382
157,5
157,4
157,3
157,2
157,1
4294967278,146
4294967279,403
4294967279,143
